service_id,monday,tuesday,wednesday,thursday,friday,saturday,sunday,start_date,end_date
701_8__151___,0,0,0,0,0,0,1,20241027,20251124
702_8__151___,0,0,0,0,0,0,1,20241027,20251124
703_8__151___,0,0,0,0,0,0,1,20241027,20251124
704_8__151___,0,0,0,0,0,0,1,20241027,20251124
750_8__151___,0,0,0,0,0,0,1,20241027,20251124
764_8__151___,0,0,0,0,0,0,1,20241027,20251124
765_8__151___,0,0,0,0,0,0,1,20241027,20251124
779_8__151___,0,0,0,0,0,0,1,20241027,20251124
201_8__151___,1,1,1,1,1,0,0,20241028,20251127
202_8__151___,1,1,1,1,1,0,0,20241028,20251127
203_8__151___,1,1,1,1,1,0,0,20241028,20251127
219_8__151___,1,1,1,1,1,0,0,20241028,20251127
220_8__151___,1,1,1,1,1,0,0,20241028,20251127
305_8__151___,1,1,1,1,1,0,0,20241028,20251127
311_8__151___,1,1,1,1,1,0,0,20241028,20251127
313_8__151___,1,1,1,1,1,0,0,20241028,20251127
317_8__151___,1,1,1,1,1,0,0,20241028,20251127
401_8__151___,1,1,1,1,1,0,0,20241028,20251127
402_8__151___,1,1,1,1,1,0,0,20241028,20251127
403_8__151___,1,1,1,1,1,0,0,20241028,20251127
435_8__151___,1,1,1,1,1,0,0,20241028,20251127
438_8__151___,1,1,1,1,1,0,0,20241028,20251127
474_8__151___,1,1,1,1,0,0,0,20241028,20251127
475_8__151___,1,1,1,1,0,0,0,20241028,20251127
851_8__151___,1,1,1,1,0,0,0,20241028,20251127
9999_8__151___,0,0,0,0,1,1,0,20241031,20251122
601_8__151___,0,0,0,0,0,1,0,20241102,20251123
602_8__151___,0,0,0,0,0,1,0,20241102,20251123
603_8__151___,0,0,0,0,0,1,0,20241102,20251123
604_8__151___,0,0,0,0,0,1,0,20241102,20251123
641_8__151___,0,0,0,0,0,1,0,20241102,20251123
664_8__151___,0,0,0,0,0,1,0,20241102,20251123
677_8__151___,0,0,0,0,0,1,0,20241102,20251123
678_8__151___,0,0,0,0,0,1,0,20241102,20251123
733_8__152_C__,0,0,0,0,0,0,1,20241027,20251124
734_8__152_C__,0,0,0,0,0,0,1,20241027,20251124
737_8__152_C__,0,0,0,0,0,0,1,20241027,20251124
739_8__152_C__,0,0,0,0,0,0,1,20241027,20251124
740_8__152_C__,0,0,0,0,0,0,1,20241027,20251124
741_8__152_C__,0,0,0,0,0,0,1,20241027,20251124
742_8__152_C__,0,0,0,0,0,0,1,20241027,20251124
763_8__152_C__,0,0,0,0,0,0,1,20241027,20251124
203_8__152_C__,1,1,1,1,1,0,0,20241028,20251127
210_8__152_C__,1,1,1,1,1,0,0,20241028,20251127
212_8__152_C__,1,1,1,1,1,0,0,20241028,20251127
220_8__152_C__,1,1,1,1,1,0,0,20241028,20251127
222_8__152_C__,1,1,1,1,1,0,0,20241028,20251127
223_8__152_C__,1,1,1,1,1,0,0,20241028,20251127
232_8__152_C__,1,1,1,1,1,0,0,20241028,20251127
238_8__152_C__,1,1,1,1,1,0,0,20241028,20251127
268_8__152_C__,1,1,1,1,1,0,0,20241028,20251127
270_8__152_C__,1,1,1,1,1,0,0,20241028,20251127
301_8__152_C__,1,1,1,1,1,0,0,20241028,20251127
308_8__152_C__,1,1,1,1,1,0,0,20241028,20251127
314_8__152_C__,1,1,1,1,1,0,0,20241028,20251127
316_8__152_C__,1,1,1,1,1,0,0,20241028,20251127
317_8__152_C__,1,1,1,1,1,0,0,20241028,20251127
318_8__152_C__,1,1,1,1,1,0,0,20241028,20251127
322_8__152_C__,1,1,1,1,1,0,0,20241028,20251127
410_8__152_C__,1,1,1,1,1,0,0,20241028,20251127
412_8__152_C__,1,1,1,1,1,0,0,20241028,20251127
419_8__152_C__,1,1,1,1,1,0,0,20241028,20251127
420_8__152_C__,1,1,1,1,1,0,0,20241028,20251127
421_8__152_C__,1,1,1,1,1,0,0,20241028,20251127
422_8__152_C__,1,1,1,1,1,0,0,20241028,20251127
429_8__152_C__,1,1,1,1,1,0,0,20241028,20251127
430_8__152_C__,1,1,1,1,1,0,0,20241028,20251127
432_8__152_C__,1,1,1,1,1,0,0,20241028,20251127
544_8__152_C__,1,1,1,1,0,0,0,20241028,20251127
813_8__152_C__,1,1,1,1,1,0,0,20241028,20251127
855_8__152_C__,1,1,1,1,0,0,0,20241028,20251127
9999_8__152_C__,0,0,0,1,1,0,0,20241031,20251109
633_8__152_C__,0,0,0,0,0,1,0,20241102,20251123
634_8__152_C__,0,0,0,0,0,1,0,20241102,20251123
635_8__152_C__,0,0,0,0,0,1,0,20241102,20251123
636_8__152_C__,0,0,0,0,0,1,0,20241102,20251123
637_8__152_C__,0,0,0,0,0,1,0,20241102,20251123
638_8__152_C__,0,0,0,0,0,1,0,20241102,20251123
639_8__152_C__,0,0,0,0,0,1,0,20241102,20251123
640_8__152_C__,0,0,0,0,0,1,0,20241102,20251123
641_8__152_C__,0,0,0,0,0,1,0,20241102,20251123
642_8__152_C__,0,0,0,0,0,1,0,20241102,20251123
711_8__153___,0,0,0,0,0,0,1,20241027,20251124
712_8__153___,0,0,0,0,0,0,1,20241027,20251124
713_8__153___,0,0,0,0,0,0,1,20241027,20251124
714_8__153___,0,0,0,0,0,0,1,20241027,20251124
735_8__153___,0,0,0,0,0,0,1,20241027,20251124
742_8__153___,0,0,0,0,0,0,1,20241027,20251124
778_8__153___,0,0,0,0,0,0,1,20241027,20251124
207_8__153___,1,1,1,1,1,0,0,20241028,20251127
213_8__153___,1,1,1,1,1,0,0,20241028,20251127
214_8__153___,1,1,1,1,1,0,0,20241028,20251127
215_8__153___,1,1,1,1,1,0,0,20241028,20251127
221_8__153___,1,1,1,1,1,0,0,20241028,20251127
263_8__153___,1,1,1,1,1,0,0,20241028,20251127
302_8__153___,1,1,1,1,1,0,0,20241028,20251127
304_8__153___,1,1,1,1,1,0,0,20241028,20251127
307_8__153___,1,1,1,1,1,0,0,20241028,20251127
308_8__153___,1,1,1,1,1,0,0,20241028,20251127
317_8__153___,1,1,1,1,1,0,0,20241028,20251127
321_8__153___,1,1,1,1,1,0,0,20241028,20251127
413_8__153___,1,1,1,1,1,0,0,20241028,20251127
414_8__153___,1,1,1,1,1,0,0,20241028,20251127
415_8__153___,1,1,1,1,1,0,0,20241028,20251127
801_8__153___,1,1,1,1,1,0,0,20241028,20251127
804_8__153___,1,1,1,1,1,0,0,20241028,20251127
9999_8__153___,0,0,0,1,1,0,0,20241031,20251109
611_8__153___,0,0,0,0,0,1,0,20241102,20251123
612_8__153___,0,0,0,0,0,1,0,20241102,20251123
613_8__153___,0,0,0,0,0,1,0,20241102,20251123
614_8__153___,0,0,0,0,0,1,0,20241102,20251123
636_8__153___,0,0,0,0,0,1,0,20241102,20251123
661_8__153___,0,0,0,0,0,1,0,20241102,20251123
663_8__153___,0,0,0,0,0,1,0,20241102,20251123
7154_8__154___,1,1,1,1,1,1,1,20241027,20251127
733_8__154_C__,0,0,0,0,0,0,1,20241027,20251124
734_8__154_C__,0,0,0,0,0,0,1,20241027,20251124
735_8__154_C__,0,0,0,0,0,0,1,20241027,20251124
736_8__154_C__,0,0,0,0,0,0,1,20241027,20251124
737_8__154_C__,0,0,0,0,0,0,1,20241027,20251124
739_8__154_C__,0,0,0,0,0,0,1,20241027,20251124
740_8__154_C__,0,0,0,0,0,0,1,20241027,20251124
741_8__154_C__,0,0,0,0,0,0,1,20241027,20251124
763_8__154_C__,0,0,0,0,0,0,1,20241027,20251124
210_8__154_C__,1,1,1,1,1,0,0,20241028,20251127
212_8__154_C__,1,1,1,1,1,0,0,20241028,20251127
219_8__154_C__,1,1,1,1,1,0,0,20241028,20251127
220_8__154_C__,1,1,1,1,1,0,0,20241028,20251127
221_8__154_C__,1,1,1,1,1,0,0,20241028,20251127
222_8__154_C__,1,1,1,1,1,0,0,20241028,20251127
231_8__154_C__,1,1,1,1,1,0,0,20241028,20251127
301_8__154_C__,1,1,1,1,1,0,0,20241028,20251127
302_8__154_C__,1,1,1,1,1,0,0,20241028,20251127
304_8__154_C__,1,1,1,1,1,0,0,20241028,20251127
306_8__154_C__,1,1,1,1,1,0,0,20241028,20251127
307_8__154_C__,1,1,1,1,1,0,0,20241028,20251127
309_8__154_C__,1,1,1,1,1,0,0,20241028,20251127
310_8__154_C__,1,1,1,1,1,0,0,20241028,20251127
316_8__154_C__,1,1,1,1,1,0,0,20241028,20251127
317_8__154_C__,1,1,1,1,1,0,0,20241028,20251127
318_8__154_C__,1,1,1,1,1,0,0,20241028,20251127
322_8__154_C__,1,1,1,1,1,0,0,20241028,20251127
405_8__154_C__,1,1,1,1,1,0,0,20241028,20251127
410_8__154_C__,1,1,1,1,1,0,0,20241028,20251127
412_8__154_C__,1,1,1,1,1,0,0,20241028,20251127
419_8__154_C__,1,1,1,1,1,0,0,20241028,20251127
420_8__154_C__,1,1,1,1,1,0,0,20241028,20251127
421_8__154_C__,1,1,1,1,1,0,0,20241028,20251127
422_8__154_C__,1,1,1,1,1,0,0,20241028,20251127
429_8__154_C__,1,1,1,1,1,0,0,20241028,20251127
431_8__154_C__,1,1,1,1,1,0,0,20241028,20251127
544_8__154_C__,1,1,1,1,0,0,0,20241028,20251127
804_8__154_C__,1,1,1,1,1,0,0,20241028,20251127
855_8__154_C__,1,1,1,1,0,0,0,20241028,20251127
9999_8__154_C__,0,0,0,1,1,0,0,20241031,20251109
620_8__154_C__,0,0,0,0,0,1,0,20241102,20251123
633_8__154_C__,0,0,0,0,0,1,0,20241102,20251123
634_8__154_C__,0,0,0,0,0,1,0,20241102,20251123
635_8__154_C__,0,0,0,0,0,1,0,20241102,20251123
636_8__154_C__,0,0,0,0,0,1,0,20241102,20251123
637_8__154_C__,0,0,0,0,0,1,0,20241102,20251123
638_8__154_C__,0,0,0,0,0,1,0,20241102,20251123
639_8__154_C__,0,0,0,0,0,1,0,20241102,20251123
640_8__154_C__,0,0,0,0,0,1,0,20241102,20251123
641_8__154_C__,0,0,0,0,0,1,0,20241102,20251123
642_8__154_C__,0,0,0,0,0,1,0,20241102,20251123
661_8__154_C__,0,0,0,0,0,1,0,20241102,20251123
665_8__154_C__,0,0,0,0,0,1,0,20241102,20251123
716_8__156___,0,0,0,0,0,0,1,20241027,20251124
747_8__156___,0,0,0,0,0,0,1,20241027,20251124
748_8__156___,0,0,0,0,0,0,1,20241027,20251124
749_8__156___,0,0,0,0,0,0,1,20241027,20251124
750_8__156___,0,0,0,0,0,0,1,20241027,20251124
753_8__156___,0,0,0,0,0,0,1,20241027,20251124
774_8__156___,0,0,0,0,0,0,1,20241027,20251124
207_8__156___,1,1,1,1,1,0,0,20241028,20251127
214_8__156___,1,1,1,1,1,0,0,20241028,20251127
218_8__156___,1,1,1,1,1,0,0,20241028,20251127
220_8__156___,1,1,1,1,1,0,0,20241028,20251127
221_8__156___,1,1,1,1,1,0,0,20241028,20251127
227_8__156___,1,1,1,1,1,0,0,20241028,20251127
268_8__156___,1,1,1,1,1,0,0,20241028,20251127
270_8__156___,1,1,1,1,1,0,0,20241028,20251127
305_8__156___,1,1,1,1,1,0,0,20241028,20251127
306_8__156___,1,1,1,1,1,0,0,20241028,20251127
311_8__156___,1,1,1,1,1,0,0,20241028,20251127
313_8__156___,1,1,1,1,1,0,0,20241028,20251127
318_8__156___,1,1,1,1,1,0,0,20241028,20251127
407_8__156___,1,1,1,1,1,0,0,20241028,20251127
425_8__156___,1,1,1,1,1,0,0,20241028,20251127
427_8__156___,1,1,1,1,1,0,0,20241028,20251127
854_8__156___,1,1,1,1,0,0,0,20241028,20251127
9999_8__156___,0,0,0,1,1,0,0,20241031,20251109
647_8__156___,0,0,0,0,0,1,0,20241102,20251123
648_8__156___,0,0,0,0,0,1,0,20241102,20251123
649_8__156___,0,0,0,0,0,1,0,20241102,20251123
650_8__156___,0,0,0,0,0,1,0,20241102,20251123
653_8__156___,0,0,0,0,0,1,0,20241102,20251123
676_8__156___,0,0,0,0,0,1,0,20241102,20251123
677_8__156___,0,0,0,0,0,1,0,20241102,20251123
719_8__157___,0,0,0,0,0,0,1,20241027,20251124
720_8__157___,0,0,0,0,0,0,1,20241027,20251124
765_8__157___,0,0,0,0,0,0,1,20241027,20251124
218_8__157___,1,1,1,1,1,0,0,20241028,20251127
222_8__157___,1,1,1,1,1,0,0,20241028,20251127
225_8__157___,1,1,1,1,1,0,0,20241028,20251127
229_8__157___,1,1,1,1,1,0,0,20241028,20251127
230_8__157___,1,1,1,1,1,0,0,20241028,20251127
231_8__157___,1,1,1,1,1,0,0,20241028,20251127
232_8__157___,1,1,1,1,1,0,0,20241028,20251127
235_8__157___,1,1,1,1,1,0,0,20241028,20251127
268_8__157___,1,1,1,1,1,0,0,20241028,20251127
421_8__157___,1,1,1,1,1,0,0,20241028,20251127
425_8__157___,1,1,1,1,1,0,0,20241028,20251127
429_8__157___,1,1,1,1,1,0,0,20241028,20251127
430_8__157___,1,1,1,1,1,0,0,20241028,20251127
431_8__157___,1,1,1,1,1,0,0,20241028,20251127
432_8__157___,1,1,1,1,1,0,0,20241028,20251127
434_8__157___,1,1,1,1,1,0,0,20241028,20251127
435_8__157___,1,1,1,1,1,0,0,20241028,20251127
808_8__157___,1,1,1,1,1,0,0,20241028,20251127
851_8__157___,1,1,1,1,0,0,0,20241028,20251127
855_8__157___,1,1,1,1,0,0,0,20241028,20251127
9999_8__157___,0,0,0,1,1,0,0,20241031,20251109
617_8__157___,0,0,0,0,0,1,0,20241102,20251123
619_8__157___,0,0,0,0,0,1,0,20241102,20251123
620_8__157___,0,0,0,0,0,1,0,20241102,20251123
634_8__157___,0,0,0,0,0,1,0,20241102,20251123
661_8__157___,0,0,0,0,0,1,0,20241102,20251123
664_8__157___,0,0,0,0,0,1,0,20241102,20251123
212_8__157_C__,1,1,1,1,1,0,0,20241028,20251127
231_8__157_C__,1,1,1,1,1,0,0,20241028,20251127
232_8__157_C__,1,1,1,1,1,0,0,20241028,20251127
234_8__157_C__,1,1,1,1,1,0,0,20241028,20251127
235_8__157_C__,1,1,1,1,1,0,0,20241028,20251127
265_8__157_C__,1,1,1,1,1,0,0,20241028,20251127
314_8__157_C__,1,1,1,1,1,0,0,20241028,20251127
321_8__157_C__,1,1,1,1,1,0,0,20241028,20251127
407_8__157_C__,1,1,1,1,1,0,0,20241028,20251127
432_8__157_C__,1,1,1,1,1,0,0,20241028,20251127
434_8__157_C__,1,1,1,1,1,0,0,20241028,20251127
435_8__157_C__,1,1,1,1,1,0,0,20241028,20251127
805_8__157_C__,1,1,1,1,1,0,0,20241028,20251127
9999_8__157_C__,0,0,0,1,0,0,0,20241031,20251108
725_8__158___,0,0,0,0,0,0,1,20241027,20251124
726_8__158___,0,0,0,0,0,0,1,20241027,20251124
727_8__158___,0,0,0,0,0,0,1,20241027,20251124
208_8__158___,1,1,1,1,1,0,0,20241028,20251127
209_8__158___,1,1,1,1,1,0,0,20241028,20251127
408_8__158___,1,1,1,1,1,0,0,20241028,20251127
409_8__158___,1,1,1,1,1,0,0,20241028,20251127
9999_8__158___,0,0,0,1,1,0,0,20241031,20251109
625_8__158___,0,0,0,0,0,1,0,20241102,20251123
626_8__158___,0,0,0,0,0,1,0,20241102,20251123
627_8__158___,0,0,0,0,0,1,0,20241102,20251123
232_8__159___,1,1,1,1,1,0,0,20241028,20251127
238_8__159___,1,1,1,1,1,0,0,20241028,20251127
265_8__159___,1,1,1,1,1,0,0,20241028,20251127
302_8__159___,1,1,1,1,1,0,0,20241028,20251127
305_8__159___,1,1,1,1,1,0,0,20241028,20251127
309_8__159___,1,1,1,1,1,0,0,20241028,20251127
314_8__159___,1,1,1,1,1,0,0,20241028,20251127
321_8__159___,1,1,1,1,1,0,0,20241028,20251127
322_8__159___,1,1,1,1,1,0,0,20241028,20251127
323_8__159___,1,1,1,1,1,0,0,20241028,20251127
410_8__159___,1,1,1,1,1,0,0,20241028,20251127
423_8__159___,1,1,1,1,1,0,0,20241028,20251127
430_8__159___,1,1,1,1,1,0,0,20241028,20251127
435_8__159___,1,1,1,1,1,0,0,20241028,20251127
438_8__159___,1,1,1,1,1,0,0,20241028,20251127
801_8__159___,1,1,1,1,1,0,0,20241028,20251127
9999_8__159___,0,0,0,1,0,0,0,20241031,20251108
713_8__161___,0,0,0,0,0,0,1,20241027,20251124
735_8__161___,0,0,0,0,0,0,1,20241027,20251124
764_8__161___,0,0,0,0,0,0,1,20241027,20251124
9999_8__161___,1,1,1,1,1,1,1,20241027,20251127
202_8__161___,1,1,1,1,1,0,0,20241028,20251127
314_8__161___,1,1,1,1,1,0,0,20241028,20251127
851_8__161___,1,1,1,1,0,0,0,20241028,20251127
852_8__161___,1,1,1,1,0,0,0,20241028,20251127
610_8__161___,0,0,0,0,0,1,0,20241102,20251123
620_8__161___,0,0,0,0,0,1,0,20241102,20251123
650_8__161___,0,0,0,0,0,1,0,20241102,20251123
661_8__161___,0,0,0,0,0,1,0,20241102,20251123
663_8__161___,0,0,0,0,0,1,0,20241102,20251123
664_8__161___,0,0,0,0,0,1,0,20241102,20251123
7166_8__166___,1,1,1,1,1,1,1,20241027,20251127
9991_8__180___,1,1,1,1,1,1,1,20241027,20251127
780_8__181___,0,0,0,0,0,0,1,20241027,20251124
788_8__181___,0,0,0,0,0,0,1,20241027,20251124
793_8__181___,0,0,0,0,0,0,1,20241027,20251124
794_8__181___,0,0,0,0,0,0,1,20241027,20251124
796_8__181___,0,0,0,0,0,0,1,20241027,20251124
798_8__181___,0,0,0,0,0,0,1,20241027,20251124
799_8__181___,0,0,0,0,0,0,1,20241027,20251124
265_8__181___,1,1,1,1,1,0,0,20241028,20251127
303_8__181___,1,1,1,1,1,0,0,20241028,20251127
503_8__181___,1,1,1,1,1,0,0,20241028,20251127
505_8__181___,1,1,1,1,1,0,0,20241028,20251127
506_8__181___,1,1,1,1,1,0,0,20241028,20251127
507_8__181___,1,1,1,1,1,0,0,20241028,20251127
511_8__181___,1,1,1,1,1,0,0,20241028,20251127
512_8__181___,1,1,1,1,1,0,0,20241028,20251127
513_8__181___,1,1,1,1,1,0,0,20241028,20251127
514_8__181___,1,1,1,1,1,0,0,20241028,20251127
516_8__181___,1,1,1,1,1,0,0,20241028,20251127
517_8__181___,1,1,1,1,1,0,0,20241028,20251127
520_8__181___,1,1,1,1,1,0,0,20241028,20251127
521_8__181___,1,1,1,1,1,0,0,20241028,20251127
523_8__181___,1,1,1,1,1,0,0,20241028,20251127
524_8__181___,1,1,1,1,1,0,0,20241028,20251127
533_8__181___,1,1,1,1,1,0,0,20241028,20251127
534_8__181___,1,1,1,1,1,0,0,20241028,20251127
535_8__181___,1,1,1,1,1,0,0,20241028,20251127
550_8__181___,1,1,1,1,1,0,0,20241028,20251127
815_8__181___,1,1,1,1,1,0,0,20241028,20251127
9999_8__181___,0,0,0,1,1,0,0,20241031,20251109
680_8__181___,0,0,0,0,0,1,0,20241102,20251123
688_8__181___,0,0,0,0,0,1,0,20241102,20251123
690_8__181___,0,0,0,0,0,1,0,20241102,20251123
693_8__181___,0,0,0,0,0,1,0,20241102,20251123
694_8__181___,0,0,0,0,0,1,0,20241102,20251123
698_8__181___,0,0,0,0,0,1,0,20241102,20251123
699_8__181___,0,0,0,0,0,1,0,20241102,20251123
9999_8__182___,1,1,1,1,1,1,1,20241027,20251127
9999_8__183___,1,1,1,1,1,1,1,20241027,20251127
784_8__184___,0,0,0,0,0,0,1,20241027,20251124
786_8__184___,0,0,0,0,0,0,1,20241027,20251124
795_8__184___,0,0,0,0,0,0,1,20241027,20251124
796_8__184___,0,0,0,0,0,0,1,20241027,20251124
503_8__184___,1,1,1,1,1,0,0,20241028,20251127
506_8__184___,1,1,1,1,1,0,0,20241028,20251127
507_8__184___,1,1,1,1,1,0,0,20241028,20251127
511_8__184___,1,1,1,1,1,0,0,20241028,20251127
517_8__184___,1,1,1,1,1,0,0,20241028,20251127
518_8__184___,1,1,1,1,1,0,0,20241028,20251127
521_8__184___,1,1,1,1,1,0,0,20241028,20251127
526_8__184___,1,1,1,1,1,0,0,20241028,20251127
527_8__184___,1,1,1,1,1,0,0,20241028,20251127
534_8__184___,1,1,1,1,1,0,0,20241028,20251127
535_8__184___,1,1,1,1,1,0,0,20241028,20251127
536_8__184___,1,1,1,1,1,0,0,20241028,20251127
815_8__184___,1,1,1,1,1,0,0,20241028,20251127
9999_8__184___,0,0,0,1,1,0,0,20241031,20251109
684_8__184___,0,0,0,0,0,1,0,20241102,20251123
686_8__184___,0,0,0,0,0,1,0,20241102,20251123
696_8__184___,0,0,0,0,0,1,0,20241102,20251123
7185_8__185___,1,1,1,1,1,1,1,20241027,20251127
7263_8__263___,1,1,1,1,1,1,1,20241027,20251127
7720_8__720___,1,1,1,1,1,1,1,20241027,20251127
7721_8__721___,1,1,1,1,1,1,1,20241027,20251127
7723_8__723___,1,1,1,1,1,1,0,20241028,20251127
7724_8__724___,1,1,1,1,1,1,1,20241027,20251127
7725_8__725___,1,1,1,1,1,1,1,20241027,20251127
7726_8__726___,1,1,1,1,1,1,1,20241027,20251127
779_8_N_101___,0,0,0,0,0,0,1,20241027,20251124
474_8_N_101___,1,1,1,1,0,0,0,20241028,20251127
9999_8_N_101___,0,0,0,1,1,0,0,20241031,20251109
676_8_N_101___,0,0,0,0,0,1,0,20241102,20251123
678_8_N_101___,0,0,0,0,0,1,0,20241102,20251123
679_8_N_101___,0,0,0,0,0,1,0,20241102,20251123
7103_8_N_103___,1,1,1,1,1,1,1,20241027,20251127
7702_8_N_702___,1,1,1,1,1,1,1,20241027,20251127
7728_8__SE720___,1,1,1,1,1,0,0,20241028,20251127
7729_9__1__045_,1,1,1,1,1,1,1,20241027,20251127
743_9__4__134_,0,0,0,0,0,0,1,20241027,20251124
744_9__4__134_,0,0,0,0,0,0,1,20241027,20251124
766_9__4__134_,0,0,0,0,0,0,1,20241027,20251124
241_9__4__134_,1,1,1,1,1,0,0,20241028,20251127
326_9__4__134_,1,1,1,1,1,0,0,20241028,20251127
328_9__4__134_,1,1,1,1,1,0,0,20241028,20251127
441_9__4__134_,1,1,1,1,1,0,0,20241028,20251127
9999_9__4__134_,0,0,0,1,1,0,0,20241031,20241101
643_9__4__134_,0,0,0,0,0,1,0,20241102,20251123
644_9__4__134_,0,0,0,0,0,1,0,20241102,20251123
666_9__4__134_,0,0,0,0,0,1,0,20241102,20251123
9998_9__6__006_,1,1,1,1,1,0,0,20241028,20251127
745_9__7__134_,0,0,0,0,0,0,1,20241027,20251124
746_9__7__134_,0,0,0,0,0,0,1,20241027,20251124
242_9__7__134_,1,1,1,1,1,0,0,20241028,20251127
327_9__7__134_,1,1,1,1,1,0,0,20241028,20251127
442_9__7__134_,1,1,1,1,1,0,0,20241028,20251127
9999_9__7__134_,0,0,0,1,1,0,0,20241031,20241101
645_9__7__134_,0,0,0,0,0,1,0,20241102,20251123
646_9__7__134_,0,0,0,0,0,1,0,20241102,20251123
326_9__9__006_,1,1,1,1,1,0,0,20241028,20251127
328_9__9__006_,1,1,1,1,1,0,0,20241028,20251127
329_9__9__006_,1,1,1,1,1,0,0,20241028,20251127
330_9__9__006_,1,1,1,1,1,0,0,20241028,20251127
331_9__9__006_,1,1,1,1,1,0,0,20241028,20251127
332_9__9__006_,1,1,1,1,1,0,0,20241028,20251127
9999_9__9__006_,0,0,0,1,0,0,0,20241031,20251031
755_9__10__006_,0,0,0,0,0,0,1,20241027,20251124
756_9__10__006_,0,0,0,0,0,0,1,20241027,20251124
757_9__10__006_,0,0,0,0,0,0,1,20241027,20251124
243_9__10__006_,1,1,1,1,1,0,0,20241028,20251127
244_9__10__006_,1,1,1,1,1,0,0,20241028,20251127
248_9__10__006_,1,1,1,1,1,0,0,20241028,20251127
324_9__10__006_,1,1,1,1,1,0,0,20241028,20251127
331_9__10__006_,1,1,1,1,1,0,0,20241028,20251127
443_9__10__006_,1,1,1,1,1,0,0,20241028,20251127
444_9__10__006_,1,1,1,1,1,0,0,20241028,20251127
448_9__10__006_,1,1,1,1,1,0,0,20241028,20251127
9999_9__10__006_,1,1,1,1,1,0,0,20241028,20251127
655_9__10__006_,0,0,0,0,0,1,0,20241102,20251123
656_9__10__006_,0,0,0,0,0,1,0,20241102,20251123
657_9__10__006_,0,0,0,0,0,1,0,20241102,20251123
758_9__11__006_,0,0,0,0,0,0,1,20241027,20251124
759_9__11__006_,0,0,0,0,0,0,1,20241027,20251124
760_9__11__006_,0,0,0,0,0,0,1,20241027,20251124
245_9__11__006_,1,1,1,1,1,0,0,20241028,20251127
246_9__11__006_,1,1,1,1,1,0,0,20241028,20251127
249_9__11__006_,1,1,1,1,1,0,0,20241028,20251127
325_9__11__006_,1,1,1,1,1,0,0,20241028,20251127
330_9__11__006_,1,1,1,1,1,0,0,20241028,20251127
445_9__11__006_,1,1,1,1,1,0,0,20241028,20251127
446_9__11__006_,1,1,1,1,1,0,0,20241028,20251127
449_9__11__006_,1,1,1,1,1,0,0,20241028,20251127
9999_9__11__006_,1,1,1,1,1,0,0,20241028,20251127
658_9__11__006_,0,0,0,0,0,1,0,20241102,20251123
659_9__11__006_,0,0,0,0,0,1,0,20241102,20251123
660_9__11__006_,0,0,0,0,0,1,0,20241102,20251123
